0.7275 00.405 1.4451 0 0.852742 0 0.522332
0.7275 00.129 1.4451 0 0.852742 0 0.522332
0.7275 -0.175 1.4451 0 0.852742 0 0.522332
0.7275 00.405 1.1833 0 0.852742 0 0.522332
0.7275 00.129 1.1833 0 0.852742 0 0.522332
0.7275 -0.175 1.1833 0 0.852742 0 0.522332
0.7275 00.405 0.9543 0 0.852742 0 0.522332
0.7275 00.129 0.9543 0 0.852742 0 0.522332
0.7275 -0.175 0.9543 0 0.852742 0 0.522332
0.7275 00.405 0.7253 0 0.852742 0 0.522332
0.7275 00.129 0.7253 0 0.852742 0 0.522332
0.7275 -0.175 0.7253 0 0.852742 0 0.522332