0.7500 0.35000 1.73 -0.28936189 0.6451901 0.28936381 0.64518835
0.7500 0.03880 1.73 -0.17215 0.68392 0.17964 0.68582
0.7500 -0.2723 1.73 0.0000 0.7071 0.0000 0.7071
0.7500 0.35000 1.47 -0.28936189 0.6451901 0.28936381 0.64518835
0.7500 0.03880 1.47 -0.17215 0.68392 0.17964 0.68582
0.7500 -0.2723 1.47 0.0000 0.7071 0.0000 0.7071
0.7500 0.35000 1.22 -0.28936189 0.6451901 0.28936381 0.64518835
0.7500 0.03880 1.22 -0.17215 0.68392 0.17964 0.68582
0.7500 -0.2723 1.22 0.0000 0.7071 0.0000 0.7071
0.7500 0.35000 0.99 -0.28936189 0.6451901 0.28936381 0.64518835
0.7500 0.03880 0.99 -0.17215 0.68392 0.17964 0.68582
0.7500 -0.2723 0.99 0.0000 0.7071 0.0000 0.7071